100
101
102
103
104
105
106
107
108
109
110
111
112
113
114
115
116
117
118
119
120
121
122
123
124
125
126
129
130
131
132
133
135
136
137
139
140
141
142
143
145
150
155
170
190
201
202
203
204
205
206
207
208
209
210
211
213
215
216
218
220
222
226
239
249
259
299
301
302
303
304
305
306
308
309
311
313
315
321
322
325
331
332
335
399
400
402
403
404
405
406
411
412
413
415
420
422
423
424
425
426
427
428
429
430
431
432
433
434
435
436
438
439
440
441
443
444
445
447
501
508
509
510
511
512
514
515
516
518
519
520
521
522
523
524
525
526
527
528
530
531
532
533
534
535
537
538
539
540
542
543
544
545
546
547
548
549
555
590
600
601
602
603
604
606
607
608
609
610
611
612
613
614
615
616
618
620
621
626
636
640
646
655
700
701
702
703
704
705
706
707
708
709
710
711
712
713
714
715
716
717
718
719
720
721
722
723
724
725
726
727
728
729
730
732
733
735
736
737
740
741
742
743
744
747
748
749
751
753
754
757
758
766
767
