100
101
102
103
104
105
106
107
108
109
110
111
112
113
114
115
116
117
118
119
120
121
122
123
124
125
126
129
130
131
132
133
134
135
136
137
139
140
141
142
143
145
150
151
155
170
190
199
201
202
203
204
205
206
207
208
209
210
211
213
214
215
216
218
220
221
222
226
230
231
232
233
239
249
259
299
300
301
302
303
304
305
306
307
308
309
311
313
315
321
322
325
326
331
332
333
335
400
402
403
404
405
406
407
408
409
411
412
413
415
416
420
422
423
424
425
426
427
428
429
430
431
432
433
434
435
436
437
438
439
440
441
443
444
445
447
448
499
500
501
502
503
505
508
509
510
511
512
513
514
515
516
518
519
520
521
522
523
524
525
526
527
528
529
530
531
532
533
534
535
536
537
538
539
540
541
542
543
544
545
546
547
548
549
555
560
590
599
600
601
602
603
604
605
606
607
608
609
610
611
612
613
614
615
616
617
618
620
621
622
626
630
636
640
646
647
655
700
701
702
703
704
705
706
707
708
709
710
711
712
713
714
715
716
717
718
719
720
721
722
723
724
725
726
727
728
729
730
731
732
733
734
735
736
737
738
739
740
741
742
743
744
745
746
747
748
749
751
752
753
754
755
757
758
760
761
766
767
775
777
785
